122
10 8 30 80
10 8 30 1
1 1 1 1
1 1 1 10000
1 1 1 2
1 2 3 4
1 2 4 3
1 3 2 4
1 3 4 2
1 4 2 3
1 4 3 2
2 1 3 4
2 1 4 3
2 3 1 4
2 3 4 1
2 4 1 3
2 4 3 1
3 1 2 4
3 1 4 2
3 2 1 4
3 2 4 1
3 4 1 2
3 4 2 1
4 1 2 3
4 1 3 2
4 2 1 3
4 2 3 1
4 3 1 2
4 3 2 1
77 77 77 77
10 20 30 40
40 30 20 10
1000000 1000000 1000000 1000000
1000000 1 1000000 1
1000000 100 1000000 1
1000000 1 1000000 100
1000000 100 1000000 100
50 1000000 50 50
50 1000000 100 74
1 1 1 1000000
1000000 1 1 1
1 1000000 1 1
1 1 1000000 1
10 20 34 10
10 20 35 10
34 20 20 10
100 1000000 1 100
1000 100000 40 60
453554 968801 399250 518969
738942 572692 542230 580766
460205 790897 907305 624311
621772 246032 326972 648541
43639 677892 975666 269459
572031 310529 70697 669849
475741 19445 878694 688759
384235 331035 667327 120526
605096 338170 176711 922926
296044 73826 775654 570221
760733 748915 715031 229215
87713 530981 793860 785100
458406 217190 313230 998726
712600 238042 409055 238082
178972 917497 726702 294142
353280 810717 928851 764887
738369 242363 712520 371160
47784 876433 852019 354181
18753 262844 281640 796913
280502 826495 385247 310092
80294 691294 469468 28657
182277 64650 863032 275387
923200 647169 206846 566007
234218 677831 277752 853585
419463 776652 123453 39994
619773 704862 376923 818287
183881 526883 365689 852246
619587 428901 34699 148013
403884 625570 761042 227543
693673 369417 854628 374814
897691 66762 910990 793058
145434 899462 210702 984951
920325 153576 44462 47547
512062 664033 183734 859915
487032 398642 713884 333771
75857 225307 100089 996078
233620 333059 665855 177438
140969 610515 629803 991243
83261 524648 468465 105940
970134 688255 651119 36388
239272 356261 727310 310172
525901 549011 338477 400878
273428 364958 972211 762705
410898 315667 180977 649427
329319 192804 546686 655606
651669 59794 888365 79088
710290 450089 82195 271179
220602 749493 391551 114567
371498 41743 389203 648904
440490 404575 394712 650115
77424 154848 232272 309696
77424 154848 309696 232272
77424 232272 154848 309696
77424 232272 309696 154848
77424 309696 154848 232272
77424 309696 232272 154848
154848 77424 232272 309696
154848 77424 309696 232272
154848 232272 77424 309696
154848 232272 309696 77424
154848 309696 77424 232272
154848 309696 232272 77424
232272 77424 154848 309696
232272 77424 309696 154848
232272 154848 77424 309696
232272 154848 309696 77424
232272 309696 77424 154848
232272 309696 154848 77424
309696 77424 154848 232272
309696 77424 232272 154848
309696 154848 77424 232272
309696 154848 232272 77424
309696 232272 77424 154848
309696 232272 154848 77424
